name: null
channels:
  - conda-forge
  - defaults
dependencies:
  - blas=1.0=mkl
  - bottleneck=1.3.5=py37h3a130e4_0
  - ca-certificates=2022.12.7=h5b45459_0
  - intel-openmp=2023.0.0=h57928b3_25922
  - libblas=3.9.0=12_win64_mkl
  - libcblas=3.9.0=12_win64_mkl
  - libhwloc=2.8.0=h039e092_1
  - libiconv=1.17=h8ffe710_0
  - liblapack=3.9.0=12_win64_mkl
  - libsqlite=3.40.0=hcfcfb64_0
  - libxml2=2.10.3=hc3477c8_0
  - libxslt=1.1.37=h0192164_0
  - libzlib=1.2.13=hcfcfb64_4
  - lxml=4.9.1=py37hcc03f2d_0
  - mkl=2021.4.0=h0e2418a_729
  - mkl-service=2.4.0=py37h75fcce0_0
  - numexpr=2.8.4=py37h5b0cc5e_0
  - numpy=1.21.6=py37h2830a78_0
  - openssl=3.0.7=hcfcfb64_1
  - packaging=22.0=pyhd8ed1ab_0
  - pandas=1.3.5=py37h6214cd6_0
  - pip=22.3.1=pyhd8ed1ab_0
  - pthreads-win32=2.9.1=hfa6e2cd_3
  - python=3.7.12=h900ac77_100_cpython
  - python-dateutil=2.8.2=pyhd8ed1ab_0
  - python_abi=3.7=3_cp37m
  - pytz=2022.7=pyhd8ed1ab_0
  - setuptools=65.6.3=pyhd8ed1ab_0
  - six=1.16.0=pyh6c4a22f_0
  - sqlite=3.40.0=hcfcfb64_0
  - tbb=2021.7.0=h91493d7_1
  - ucrt=10.0.22621.0=h57928b3_0
  - vc=14.3=h3d8a991_9
  - vs2015_runtime=14.32.31332=h1d6e394_9
  - wheel=0.38.4=pyhd8ed1ab_0
  - pip:
    - anyio==3.6.2
    - certifi==2022.12.7
    - charset-normalizer==2.1.1
    - h11==0.14.0
    - httpcore==0.16.3
    - httpx==0.23.3
    - idna==3.4
    - python-bcb==0.1.7
    - requests==2.28.1
    - rfc3986==1.5.0
    - sidrapy==0.1.4
    - sniffio==1.3.0
    - typing-extensions==4.4.0
    - urllib3==1.26.13
prefix: C:\Users\ferna\AppData\Local\r-miniconda\envs\macroreport
